setting          J risk hard  risk gen succ hard  weeks wk hard wk gen
oracle3     1.1856    0.8416    0.6880     0.158   33.8    38.8   27.6
uni08       1.1917    0.8640    0.6554     0.136   35.0    35.0   35.0
r14         1.1930    0.8611    0.6637     0.139   27.4    26.6   28.5
r04         1.1968    0.8637    0.6661     0.136   25.5    24.7   26.5
oracle2     1.1981    0.8532    0.6897     0.147   31.8    36.6   25.8
r00         1.2023    0.8623    0.6801     0.138   24.6    26.0   22.8
r27         1.2023    0.8688    0.6671     0.131   26.0    25.9   26.2
r21         1.2076    0.8679    0.6794     0.132   25.3    26.5   23.8
uni10       1.2100    0.8747    0.6706     0.125   29.0    29.0   29.0
r36         1.2135    0.8737    0.6795     0.126   23.7    24.5   22.8
r28         1.2139    0.8685    0.6907     0.131   21.7    23.3   19.7
r10         1.2159    0.8728    0.6862     0.127   22.3    22.6   21.8
r05         1.2160    0.8769    0.6782     0.123   24.5    24.8   24.0
r35         1.2162    0.8697    0.6930     0.130   21.6    23.1   19.7
oracle1     1.2183    0.8735    0.6897     0.127   27.2    30.1   23.7
r29         1.2191    0.8755    0.6871     0.124   22.9    23.6   22.1
r15         1.2192    0.8782    0.6819     0.122   24.5    25.1   23.8
r09         1.2207    0.8790    0.6833     0.121   23.9    24.2   23.4
r30         1.2223    0.8806    0.6833     0.119   23.1    23.2   22.9
r32         1.2231    0.8765    0.6931     0.123   20.0    21.3   18.4
r11         1.2248    0.8805    0.6886     0.120   21.0    21.7   20.1
r16         1.2258    0.8795    0.6926     0.120   21.9    23.0   20.6
uni12       1.2267    0.8825    0.6884     0.117   23.0    23.0   23.0
r20         1.2273    0.8793    0.6961     0.121   19.0    20.0   17.8
r26         1.2280    0.8802    0.6957     0.120   19.9    21.0   18.5
r07         1.2304    0.8802    0.7004     0.120   20.2    21.7   18.3
r38         1.2334    0.8852    0.6964     0.115   18.8    19.1   18.5
r18         1.2340    0.8859    0.6961     0.114   18.7    19.0   18.3
r25         1.2347    0.8853    0.6989     0.115   19.0    19.4   18.6
uni15       1.2363    0.8869    0.6988     0.113   19.0    19.0   19.0
r03         1.2379    0.8861    0.7035     0.114   17.6    17.9   17.2
r37         1.2382    0.8837    0.7090     0.116   18.2    19.6   16.4
r06         1.2390    0.8831    0.7118     0.117   18.6    20.0   16.9
r02         1.2403    0.8880    0.7046     0.112   16.8    16.9   16.6
r24         1.2405    0.8849    0.7112     0.115   17.0    18.4   15.3
r19         1.2433    0.8878    0.7110     0.112   16.8    17.4   16.0
r13         1.2433    0.8897    0.7072     0.110   15.7    15.6   15.9
r33         1.2435    0.8890    0.7089     0.111   16.4    17.1   15.6
r23         1.2437    0.8885    0.7104     0.112   16.0    16.6   15.3
r31         1.2438    0.8878    0.7120     0.112   15.8    16.6   14.9
r01         1.2452    0.8892    0.7119     0.111   15.4    15.8   14.8
r34         1.2452    0.8886    0.7132     0.111   15.9    16.5   15.1
r08         1.2455    0.8895    0.7120     0.110   15.3    15.3   15.3
r12         1.2474    0.8877    0.7192     0.112   16.0    17.3   14.4
r17         1.2474    0.8900    0.7147     0.110   15.4    15.8   15.0
r22         1.2480    0.8885    0.7190     0.111   15.7    16.7   14.4
r39         1.2481    0.8894    0.7173     0.111   16.7    17.8   15.3
chosen: r04 1.1968 {'base_cut': 0.10831169977352424, 'k': 3.1878329247511026, 'w': {'ttfv': 0.6009640844334847, 'night': 0.14769129996209407, 'history': 0.6733623572759108, 'mood': 0.20221602778803816}, 'morning_x': 0.25, 'night_relief': True, 'pregap_social': 0.8, 'oracle': False}
