setting          J risk hard  risk gen succ hard  weeks wk hard wk gen
n03         1.1731    0.8501    0.6460     0.150   29.3    28.5   30.4
n08         1.1834    0.8557    0.6552     0.144   30.4    29.9   31.1
n22         1.1836    0.8568    0.6536     0.143   27.0    26.1   28.2
n17         1.1847    0.8543    0.6608     0.146   28.2    27.4   29.2
n20         1.1877    0.8572    0.6609     0.143   26.4    25.5   27.5
n15         1.1881    0.8565    0.6633     0.144   26.0    25.1   27.1
n16         1.1891    0.8575    0.6633     0.143   27.2    26.9   27.5
n04         1.1895    0.8595    0.6599     0.140   27.5    26.6   28.6
n09         1.1929    0.8613    0.6631     0.139   26.9    26.1   28.0
n06         1.1952    0.8629    0.6646     0.137   25.8    25.0   26.8
n00         1.1953    0.8631    0.6644     0.137   25.9    25.0   27.0
n21         1.1958    0.8613    0.6691     0.139   24.9    24.4   25.6
best0       1.1968    0.8637    0.6661     0.136   25.5    24.7   26.5
n05         1.1992    0.8651    0.6683     0.135   24.8    24.2   25.6
n01         1.2022    0.8653    0.6738     0.135   24.4    24.1   24.7
n13         1.2028    0.8685    0.6687     0.132   24.6    24.0   25.3
n19         1.2033    0.8671    0.6723     0.133   24.6    24.0   25.3
n10         1.2034    0.8691    0.6687     0.131   24.8    23.7   26.1
n11         1.2044    0.8693    0.6703     0.131   24.9    24.3   25.6
n02         1.2062    0.8697    0.6730     0.130   23.4    22.7   24.4
n12         1.2069    0.8701    0.6735     0.130   24.3    23.7   25.1
n18         1.2070    0.8741    0.6657     0.126   24.7    23.6   25.9
n14         1.2072    0.8701    0.6743     0.130   22.4    22.5   22.3
n23         1.2086    0.8697    0.6777     0.130   22.5    22.5   22.6
n07         1.2201    0.8763    0.6876     0.124   21.1    21.1   21.0
chosen: n15 1.1881 {'base_cut': 0.12160318345542181, 'k': 3.489246328014275, 'w': {'ttfv': 0.4709082497859936, 'night': 0.0, 'history': 0.7407321743442843, 'mood': 0.1765072286752164}, 'morning_x': 0.25, 'night_relief': False, 'pregap_social': 0.8, 'oracle': False}
