setting          J risk hard  risk gen succ hard  weeks wk hard wk gen
uni10       0.2779    0.2130    0.1298     0.780   29.0    29.0   29.0
r25         0.2788    0.2136    0.1304     0.840   19.0    19.4   18.6
uni12       0.2790    0.2142    0.1295     0.800   23.0    23.0   23.0
uni15       0.2795    0.2147    0.1296     0.840   19.0    19.0   19.0
r30         0.2796    0.2152    0.1288     0.840   23.1    23.2   22.9
r09         0.2804    0.2159    0.1291     0.860   23.9    24.2   23.4
r15         0.2819    0.2172    0.1292     0.760   24.5    25.1   23.8
r00         0.2823    0.2176    0.1294     0.840   24.6    26.0   22.8
r27         0.2825    0.2170    0.1310     0.840   26.0    25.9   26.2
r05         0.2826    0.2182    0.1288     0.780   24.5    24.8   24.0
r11         0.2831    0.2178    0.1306     0.780   21.0    21.7   20.1
r36         0.2834    0.2192    0.1284     0.820   23.7    24.5   22.8
r16         0.2842    0.2198    0.1287     0.860   21.9    23.0   20.6
oracle1     0.2846    0.2196    0.1301     0.800   27.2    30.1   23.7
r19         0.2848    0.2188    0.1319     0.820   16.8    17.4   16.0
r21         0.2849    0.2205    0.1287     0.780   25.3    26.5   23.8
uni08       0.2851    0.2200    0.1302     0.700   35.0    35.0   35.0
r29         0.2857    0.2214    0.1286     0.860   22.9    23.6   22.1
r07         0.2861    0.2202    0.1317     0.820   20.2    21.7   18.3
r14         0.2862    0.2208    0.1308     0.740   27.4    26.6   28.5
r37         0.2864    0.2202    0.1324     0.820   18.2    19.6   16.4
r35         0.2868    0.2213    0.1309     0.820   21.6    23.1   19.7
r17         0.2875    0.2211    0.1328     0.860   15.4    15.8   15.0
r34         0.2876    0.2213    0.1325     0.860   15.9    16.5   15.1
r20         0.2877    0.2221    0.1312     0.780   19.0    20.0   17.8
r38         0.2880    0.2229    0.1302     0.760   18.8    19.1   18.5
r32         0.2886    0.2235    0.1301     0.740   20.0    21.3   18.4
r24         0.2886    0.2225    0.1321     0.860   17.0    18.4   15.3
oracle2     0.2886    0.2234    0.1305     0.800   31.8    36.6   25.8
r26         0.2891    0.2235    0.1311     0.820   19.9    21.0   18.5
r18         0.2895    0.2240    0.1310     0.820   18.7    19.0   18.3
r03         0.2895    0.2238    0.1313     0.880   17.6    17.9   17.2
oracle3     0.2900    0.2228    0.1345     0.820   33.8    38.8   27.6
r10         0.2904    0.2258    0.1293     0.840   22.3    22.6   21.8
r02         0.2907    0.2250    0.1313     0.840   16.8    16.9   16.6
r22         0.2907    0.2242    0.1330     0.860   15.7    16.7   14.4
r06         0.2908    0.2245    0.1326     0.840   18.6    20.0   16.9
r28         0.2908    0.2254    0.1309     0.860   21.7    23.3   19.7
r13         0.2909    0.2253    0.1312     0.840   15.7    15.6   15.9
r04         0.2911    0.2245    0.1333     0.720   25.5    24.7   26.5
r39         0.2933    0.2270    0.1326     0.860   16.7    17.8   15.3
r01         0.2933    0.2270    0.1326     0.820   15.4    15.8   14.8
r33         0.2934    0.2271    0.1325     0.820   16.4    17.1   15.6
r12         0.2936    0.2279    0.1314     0.860   16.0    17.3   14.4
r23         0.2941    0.2282    0.1318     0.820   16.0    16.6   15.3
r08         0.2947    0.2296    0.1302     0.860   15.3    15.3   15.3
r31         0.2960    0.2304    0.1311     0.860   15.8    16.6   14.9
chosen: r25 0.2788 {'base_cut': 0.13712714947378565, 'k': 0.7728875951478354, 'w': {'ttfv': 0.7335331129431408, 'night': 0.45489260507941753, 'history': 0.4283726025327331, 'mood': 0.8520290412145555}, 'morning_x': 0.5, 'night_relief': False, 'pregap_social': 0.2, 'oracle': False}
